16
758152 837173 609849 759932 430846 315599 354480 593476 251895 656839 491624 847220 230875 486084 701114 892715 
739631 351677 235468 519870 437692 547662 122688 939746 134382 576761 523660 507862 513336 230934 308266 682671 
763188 949592 824581 902209 101000 386718 620020 460327 550309 532915 141891 809168 979240 208323 561133 769190 
207587 558874 470758 745532 200758 734170 980693 156307 730359 322232 417118 945769 328753 686836 683261 200639 
508712 380212 575471 436101 673786 453340 226794 612740 283169 710443 204622 772359 959798 818101 943571 511047 
888239 907193 169089 869618 246473 194878 756286 398327 914881 715567 391905 607441 324187 218095 251558 202414 
395622 845883 604891 870682 352087 731579 352215 200845 202833 987749 265642 504781 956551 986542 341328 851521 
948312 243693 354111 974836 659545 796079 512959 556930 973360 804048 227929 563426 494364 760924 125000 524336 
975762 498242 751212 582966 890659 324178 118238 278742 425913 676467 463518 821815 312896 570051 451240 757641 
410305 734380 157349 432886 731050 598847 556189 159688 742473 622960 264554 672561 789911 962030 274919 925883 
833905 990845 802216 598188 455458 143250 725923 936245 173853 868586 885228 530551 496581 795144 748191 121747 
487727 966665 581366 142509 876095 881413 544955 715452 943408 237540 578487 332752 902096 820890 331752 608384 
375207 290465 307249 233968 251448 873073 775595 750428 452543 112351 176185 364323 754139 680719 994746 486578 
109285 677591 532856 857035 643710 719634 992477 933555 725064 409982 559493 727477 289706 132819 292974 403638 
174423 221535 193740 901110 450024 682019 101849 566111 127270 514948 502633 154926 965796 519470 801084 141979 
828584 862860 239789 637606 144426 891324 818120 761088 877269 767923 913176 864531 477323 336941 217661 223279 
