32
826391 594378 862770 778150 325570 772309 927794 621440 804093 493364 934699 559178 982144 178633 670087 824277 485301 849253 690195 747052 375328 330760 640718 303229 157401 322227 290749 800807 390740 626539 752379 425633 
835106 274797 274830 684965 308496 682984 341365 975032 906125 645019 620669 992982 685354 525900 316179 810782 624697 120642 899155 767128 884696 760064 158015 159199 229895 764479 887596 535695 601300 328743 643894 190795 
282072 859721 685844 465515 743227 477403 667430 432705 424370 448753 141451 376583 991241 395956 738031 884134 495611 349218 906017 396357 831134 153827 263138 691820 839932 962947 696985 510644 666267 494064 961796 964046 
156958 383378 327081 498348 272293 503329 344651 608752 207984 749000 191256 716367 894817 218261 171359 186177 849726 472761 995999 319623 586710 328386 712250 827162 323611 695346 210312 369164 563789 153596 921480 384125 
108344 495771 661202 773821 894835 880079 549927 543320 911658 610005 814346 780419 765238 249537 184584 895330 807687 724667 650706 166899 994403 157683 986475 301882 672329 247682 991037 564970 101998 139583 759654 516013 
447753 109914 306192 996848 198986 491256 797503 958382 906020 150124 611939 107032 815564 224878 594349 623998 586777 748699 595934 820732 934891 981449 327354 359139 508137 937413 208732 771106 978947 844395 260547 918738 
981717 897857 146282 478299 296620 754865 233654 205446 355299 118561 422504 338880 688327 861616 666802 268648 125657 949807 327494 265046 995537 747225 860810 772551 933760 735505 833768 920233 214798 630231 649474 834879 
835713 838982 855298 349297 496639 879917 754320 177652 305963 517991 717245 281297 135211 225082 159035 417909 573770 153641 785807 829653 201658 873302 394847 774651 775185 436088 152710 585201 847156 411860 517607 810889 
275313 433435 492542 562278 946022 412992 538449 879019 953311 469620 434373 467966 247132 799968 660749 258617 714289 249310 457566 788653 566344 192661 571166 709618 346081 425007 558810 361872 331353 559288 597750 902627 
233672 337013 878400 135087 307524 156831 435102 207136 422820 493307 265061 948828 211135 121687 308779 945543 647954 610019 560756 576562 453504 988905 776041 557794 359507 167050 881448 839384 389409 436983 205908 864546 
403531 275656 124236 827102 908927 415357 515321 560294 996733 860943 408993 358365 184982 547922 836442 565300 745040 878698 203928 789145 259462 942118 834054 419068 508620 851805 174323 789023 927473 748548 148324 922202 
184605 265033 158376 996777 394329 437775 330601 376306 284334 648550 332541 849494 829382 790182 230332 931220 825519 166120 816236 401972 424126 284961 783097 715223 960080 229276 524352 642424 687467 983379 579850 426527 
999267 493386 991894 322018 810520 776520 701519 826584 175837 563506 112893 744316 710739 349062 318167 341594 174644 512113 531606 608281 542476 686925 328452 205861 187522 587771 237555 102840 218164 987000 409547 229796 
308896 976767 960379 249151 217407 962524 527441 643788 887115 568616 750212 815874 345186 547878 800558 514171 801187 542904 961912 754427 558453 846943 945453 819515 197606 319661 111056 814929 843985 564200 741258 139582 
916761 442942 176571 861331 646098 305024 797458 370145 522655 130364 936824 588668 576661 700827 281126 738731 165695 778995 156982 500302 924571 348746 481335 481996 645185 596712 416667 698425 406052 191383 128715 261696 
124401 554970 855194 404467 715636 663399 902262 557580 827451 735074 205115 902878 249106 444920 736769 136733 735052 249845 904566 189927 176643 539042 432711 294509 612119 133278 735991 142210 699090 745368 898322 204767 
119821 698054 550555 965297 181035 978150 598210 786624 875363 690894 436241 809916 478107 324689 106405 471750 990703 760977 633466 645112 808817 753980 593312 358066 620491 726373 323465 594978 315168 721279 253764 541103 
688368 953240 182692 125218 839962 535536 655961 820786 148316 799572 582144 855595 367606 691611 334326 636154 228588 771677 403816 225911 278186 819371 328294 633198 462306 465359 273749 281708 648688 754305 130052 978244 
890015 552610 958039 800859 387077 960537 161311 716182 729929 283240 842698 674493 791461 887114 684854 437644 845446 337675 857121 859414 878896 595428 615037 242199 130879 271345 147871 985908 677416 879601 698582 870449 
473790 439578 149720 174863 376080 345366 600600 744607 428367 609918 578196 984520 603726 674897 358795 960145 786018 646192 113196 368043 978537 248090 445097 341246 964935 702431 736427 906735 551915 575939 503391 940874 
191312 474194 366701 497074 765887 653466 780073 208354 711730 243209 109666 749279 181075 491428 530232 975484 576611 172576 163340 735369 540375 264865 145487 222490 830877 157837 234364 529039 261020 253164 697473 960037 
318553 596383 602680 943224 287094 393658 517237 903059 738069 974367 818040 122390 344890 576567 174434 665923 248494 207280 894052 787781 189632 879022 924626 796701 401414 698831 132695 239370 742209 585024 379490 853204 
171038 465013 522910 794965 178105 486121 860512 870405 901724 343954 716697 821249 579013 491551 192204 875447 486022 620786 639705 795441 834790 840180 453975 175067 354117 597465 858272 636659 947868 522289 928646 694892 
912803 773128 532643 924574 659788 149467 835599 396973 219564 313175 357451 790293 329050 531568 612762 859343 613648 686298 565743 907331 265647 324072 559872 733450 582687 675071 663194 136030 642003 100309 539951 950528 
546219 673612 496075 253829 592371 810469 118244 206719 219081 392098 924368 255332 266524 176637 609424 395229 620239 187550 929897 287341 855453 508829 967411 239292 730039 446548 609451 372959 701897 692256 959555 788869 
255322 460884 389754 982976 690994 871354 766438 932302 300982 948359 793740 100100 712559 571674 175570 288598 711592 917073 943117 402693 739798 237607 319924 279237 432210 289006 306965 111242 150210 909637 800325 806991 
982838 948566 841075 693858 421613 697871 897238 327215 336344 976538 418373 455880 946550 675676 782597 812782 129183 694182 722973 180702 201468 147739 266853 465755 235027 552671 877693 655091 341089 728376 512218 309681 
580832 903173 181115 506783 757448 348567 672090 525942 285426 962479 676125 174980 341655 558326 561676 888696 466295 875315 546782 530444 846517 871757 563724 211760 839839 857789 975015 748687 496844 298638 778181 403296 
473054 341076 151734 676971 113896 575782 143125 110326 687529 773690 124538 284588 783381 333020 669388 200905 632148 796650 815443 271140 437252 353999 569420 600600 867290 204858 343638 825137 462150 261978 634026 891184 
143732 395960 508775 481211 643983 315025 575243 325860 339808 613871 223485 160948 847700 335427 944455 735220 813403 810977 698754 672600 316429 120855 524745 722152 588519 285323 620336 299501 606931 184945 148429 450868 
154406 300486 165076 823969 114178 500780 412832 269588 227004 519874 443789 280145 198744 789406 113763 221806 385552 691434 275085 502398 221075 933881 646536 508052 972522 605604 824247 507447 887031 634598 672179 449281 
103574 273040 960383 751955 838853 415977 604025 158745 642016 704550 862093 891093 476837 269410 756772 614283 636150 978554 221721 103336 873052 133032 715628 796560 266345 662521 302480 269731 613302 586829 353215 968683 
