64
955384 461456 863379 214658 796304 821244 278386 822980 495305 615532 769520 330499 743384 981388 585238 163611 791972 594011 816652 519075 388011 166178 156428 875190 252833 909169 841944 145216 692760 975863 745863 542402 547931 763677 653754 444898 357012 479136 921901 766003 496206 626698 846569 713404 684052 448972 881495 247495 434648 861498 609519 536584 777008 176067 687726 237352 436475 176203 348934 383341 305026 810278 228143 862248 
529849 584243 997019 456026 351524 573619 491400 880515 313334 293286 581262 564137 908469 738720 157048 200226 509178 202220 346927 650463 939508 552253 914930 562293 430540 138125 222658 219976 682947 127476 314234 435573 543255 498183 501179 519165 720484 843882 533189 791434 201064 974835 375331 674527 270463 379965 761085 227296 309837 762917 278800 841275 653722 295013 824379 926961 834231 299755 673808 386565 681343 995893 230379 250976 
363640 962475 974974 640831 502713 919672 378026 591482 759206 727270 394763 161425 740118 579190 903243 410996 406229 493753 371286 940335 957734 829230 888621 182001 768352 270553 277044 866552 301722 512092 548838 315643 373057 608500 129224 240852 685957 119154 779419 350471 756276 255060 626763 239379 397246 632544 286628 855796 638232 324636 482917 230610 781820 685005 324716 602857 516365 474826 458865 617718 143224 521149 376879 952891 
346869 943030 614205 215152 507182 391435 480218 483622 952727 771215 511975 253561 726203 193005 704590 564369 348247 157474 665952 615957 184863 993845 973757 167053 632543 955156 425996 113106 576765 907884 800555 768564 216025 459972 753120 727111 409622 641815 504045 615083 967858 588716 642850 936791 835633 334036 281421 589890 788824 167135 818380 757165 483861 640379 372355 415824 864732 529098 616361 653055 747725 924670 937661 682841 
922769 393364 982678 945422 731138 270891 893240 116842 493866 468831 898914 157633 265092 815046 760452 539097 432991 105767 230285 578223 354817 911410 492515 512999 733512 422751 776108 363123 985484 708327 663721 298207 804704 362873 404227 830647 685815 794490 169757 261078 502627 584508 501001 790700 982008 663482 483254 482443 496431 546637 709799 172078 212263 302382 440767 986341 534759 659497 804505 463106 625150 682650 865396 396346 
988650 846086 607403 451928 925911 812056 826242 847908 321632 609847 236988 381803 363633 171297 687306 400555 642253 980391 205310 642045 572747 119300 994877 949792 920635 591002 597843 854654 868839 166379 781377 909565 494612 441425 106225 515908 411528 755866 356394 728327 564293 571812 851775 366130 489459 493585 592865 119534 899485 770951 492789 577298 282481 739943 446976 173578 853035 681511 590143 998236 610091 815854 405300 250077 
767778 627020 715002 780527 878860 403156 266457 337141 296696 244375 530773 115861 967683 412541 555489 633512 231457 878306 106545 764001 847197 968651 316973 202519 248025 772772 309217 323153 814190 942296 625201 181101 736983 141036 518442 226317 885353 621912 542356 753791 811546 957731 143875 306216 202947 918042 662477 181452 481440 739052 769686 595932 956980 901349 927111 525980 300297 963877 516957 996080 794325 461885 575933 449602 
401208 541605 497925 114451 782370 412285 314302 273180 834801 697118 717517 278239 750968 820859 676713 962159 122876 517594 533416 606297 796952 935081 924786 788461 358368 289982 477558 469837 510946 571408 577179 971536 991592 906443 870222 953235 299354 714356 177051 438974 159617 302234 169111 303663 614438 517077 971610 954469 399449 880510 917930 697130 236590 918602 668402 624797 599905 568771 860913 476220 166970 138469 902671 684395 
496076 844786 931435 551363 524695 393299 556687 168666 678381 821676 982149 546506 389330 134203 417219 290113 620700 356044 511201 889893 106778 951260 896076 701410 357809 407432 643122 315409 342530 253745 316766 415782 808615 498062 313374 777718 445244 643726 936831 408419 940186 100681 147450 510406 139902 993889 155560 350008 383945 136890 769361 975549 286304 335507 673730 462029 593588 697505 522045 854848 409212 810375 258570 368342 
591966 752883 396108 107936 268077 838711 176654 228718 391915 825763 175900 897142 822224 576476 810765 145918 413379 964315 891326 300294 708805 228644 924155 217845 576205 186593 831862 442942 916557 681883 295322 991790 414100 944661 414712 297653 264429 726949 639264 518991 661125 368079 179213 320078 334506 514719 355735 809190 194670 526659 395020 301716 350219 219267 202744 821996 153504 570654 656320 297630 908986 476290 688719 732931 
149134 855303 922184 706026 848706 143753 266618 337498 489835 916385 738545 645155 436081 825823 379017 897573 944975 102693 186078 231548 498327 613635 407039 823079 498291 679498 504512 344371 114981 454159 730511 625609 384591 117887 983038 362289 963311 506681 208191 692898 540930 194253 855598 552199 758602 370767 491848 394639 209258 584759 758969 443312 288334 864984 945523 203001 148871 182874 574650 594419 881172 142967 674685 191348 
425884 449999 735647 784480 545720 519337 332659 101211 557358 248646 277094 423792 651287 819235 653654 823511 226626 168779 376129 268454 371474 949238 809400 442903 534946 740707 258354 988850 682441 944333 422557 347223 725369 543117 803503 990250 986913 712619 727930 819739 177586 988162 369054 707280 152990 892784 219481 406034 388380 785686 844922 590065 147784 914482 803635 791669 852680 390263 516588 335714 640458 139462 569875 240774 
674025 247947 293457 543491 755694 561462 398649 827444 936562 280052 695258 700573 531010 811721 154932 468947 200667 334316 421671 105093 933781 342240 495430 260614 959708 677483 818123 892824 285529 989332 541412 506615 985008 848510 873707 443999 945187 755355 235699 313114 390227 858543 214686 145674 597670 954819 925868 511856 173444 290305 800941 616854 308763 335347 407512 989951 464611 474291 625748 678249 896060 231214 803923 219260 
539827 483130 773343 249170 354404 975184 650476 942691 989049 412072 713965 764235 275408 822737 604675 440442 426618 916457 709872 950617 746976 415743 896138 639540 372800 740066 948779 279272 942966 251686 450244 769546 359094 619571 345298 426161 408341 227625 948457 754497 880775 914516 960685 366261 525154 230631 582111 274056 758978 296280 907892 715840 930279 899801 204738 300472 675928 154638 312499 132457 550058 392464 243516 215252 
486844 477085 899912 852430 178554 367609 232941 546216 174785 968037 542656 317178 204994 804474 381252 905964 485248 872770 291485 624193 677491 267220 902275 383776 581359 460842 653650 558784 424798 165440 550782 791791 797546 304491 869188 193919 593207 792820 948092 258958 501069 106288 456970 827120 657523 539261 495252 537979 783094 492123 767854 703279 254250 770980 468305 644416 985160 376713 473098 600705 701237 564043 571310 198991 
220451 454227 541675 200791 463952 113679 703098 469413 836460 676521 490673 785994 214905 862821 523445 980329 591915 916214 804716 318974 468718 562878 457104 384299 585159 870081 427136 179681 258995 622180 283217 925927 515563 794184 444385 729866 551337 842525 884684 828161 670788 500292 363799 366044 494263 775973 851370 980617 190753 147561 345211 342530 811333 256341 477669 237750 286577 468196 110552 573874 350651 882080 272233 441164 
952488 666461 362634 584620 367174 441938 201685 906072 423929 925653 698626 655738 265491 400177 759959 632496 275164 382790 468127 806159 849586 588478 621971 221525 933257 778823 245621 765386 772467 477010 511484 133618 575483 669447 839626 949170 128012 943203 267033 288732 537358 278063 718579 912088 189264 999646 162305 578833 298753 845891 829595 974458 881304 286700 619775 518235 645940 999199 144637 144124 929054 410319 937870 686124 
351275 717627 479364 888878 112861 423907 946397 744385 934856 902792 189713 840523 778418 345535 238763 447425 246356 304690 180917 387957 295805 334579 763723 220541 786134 899966 912946 891900 704896 409098 832289 752463 490489 490123 416733 761302 859454 670151 125987 921661 770283 936850 457247 198853 115069 921897 814105 662964 102712 646984 987983 251446 908004 760520 942749 712527 412562 498873 158233 794238 264413 696183 143643 612367 
164428 844396 636185 330237 891795 318018 514321 989985 197337 257955 326560 290428 636373 371823 882064 707902 972914 988953 257646 812656 382161 121887 943864 460900 744973 674852 958549 216054 809817 602187 285855 317407 348294 649490 443132 919031 224609 977769 414091 626148 710041 979373 855609 750563 814398 519942 873811 110514 214693 461465 267573 173143 234248 864778 682401 806897 736874 806450 532812 468569 249272 777625 411378 512980 
959755 717137 285834 152536 897194 302703 926099 790712 619661 919909 638958 754862 635452 267808 957478 298212 320597 946908 668458 602112 534637 279263 696859 173673 122926 301593 641120 160218 141086 863318 755831 534818 705728 954301 991622 805620 516884 426280 408847 188946 655193 456256 357954 920818 806227 283892 496077 659818 195656 473782 506063 647837 125892 328370 708682 886977 858908 313324 702006 102316 264559 928181 411954 981596 
140840 678985 291989 122080 182849 476617 368291 399590 347458 132240 753339 714945 144935 880915 589293 976854 519519 647354 850217 423108 473585 309014 895698 644013 318105 387134 772210 400613 114031 312458 689159 778423 986952 257483 492827 774702 919511 942885 654193 308263 454988 264906 278459 802256 346428 887796 553545 660029 420449 238078 243643 202727 548568 266559 477656 466657 565800 255909 345271 952537 157954 991178 536987 118310 
146116 588533 184475 495732 173944 617200 937599 925066 422586 662210 929639 670452 685142 612712 373349 105682 615535 922420 972203 976796 909565 992258 437439 799088 139246 584691 378059 410202 833740 159400 903216 323454 821759 476221 195035 146597 537354 573951 391120 721282 918160 350123 320675 925376 657433 862405 587173 510250 248304 730514 724155 785238 282628 143506 750603 422479 922094 197661 968816 285597 825874 817561 674124 206515 
688030 682485 552669 127221 467023 473670 405064 303108 963859 445947 934482 232264 327146 254494 546478 782681 108902 462570 387184 124457 942801 477796 117888 801521 873357 585751 965035 154231 363446 400624 314803 466169 516420 301074 807526 406361 330445 187991 504492 535300 898311 426565 469818 759072 447051 306152 660195 469586 682485 866833 416206 100650 774408 542187 106051 711532 803662 449301 988255 282715 682717 421793 189736 878883 
463125 878409 426170 758819 266278 781864 567519 938326 351407 788188 599741 500189 263393 591894 375913 176458 949378 229691 257177 655243 768141 762011 258967 713745 753206 117579 372338 607645 178283 439905 805455 332518 717463 323180 367644 290985 285728 351437 346437 264365 146416 355766 488671 883985 998192 901629 333922 968917 197072 580156 156148 704290 411236 901449 400704 464023 935241 774413 218662 985585 450085 963395 811436 834133 
296555 611920 526386 836765 207102 500953 204546 317886 783821 381989 139430 946290 881949 480400 886900 851782 165764 742984 728101 568226 183633 637800 606979 449616 297610 458799 113856 661643 708205 808764 292259 525030 893528 866952 427838 996565 177955 558976 975931 402236 185195 994078 700757 802163 762218 668387 396226 630066 389378 749555 809134 246399 779929 193165 937763 828529 298877 318789 649988 411039 253384 611967 918009 610250 
812223 630314 605381 493828 485141 235511 437171 494460 786093 766645 917391 285480 446236 875435 526641 380493 986477 819409 248307 881965 919070 647115 220036 762349 755335 962370 821750 613730 868155 961601 251345 271416 737191 293705 929962 407327 132311 149265 454830 298962 170744 425982 544409 168581 888600 719355 413763 470346 948553 732245 688506 857088 649029 686646 389803 753561 547884 774204 660697 620263 350984 301365 598352 763202 
470066 506168 122931 722904 921677 330403 510289 458321 557647 974765 385878 433374 776512 417000 968318 239678 843612 950453 885061 960269 937330 173603 673562 956201 570863 780293 462834 916097 508213 388911 546872 778685 739588 557933 217794 793668 841595 277088 582111 312142 592375 588438 297772 975335 194682 139109 984038 561661 515239 635875 793273 416678 405610 882085 972439 292880 406165 447698 585957 277158 239940 954788 483215 329148 
457890 954554 859900 635992 767205 169276 493180 345757 591284 562829 931549 386005 655080 234278 849565 549946 484400 766165 715706 859809 970159 469681 589542 481635 253761 577464 707638 642090 801947 786951 779993 309108 285007 320053 418565 550311 339854 538188 578892 872498 159721 196965 909294 808635 988112 333056 429449 111466 126587 943485 365548 580593 475559 467738 509033 928886 856695 836361 971208 257503 326972 197132 378680 361337 
739664 655760 604416 845029 524988 225731 620116 802048 993850 432788 188579 701261 816884 304806 383725 497184 702635 988336 838802 234186 179572 556404 767494 205180 749789 614554 772257 274522 522029 180072 392370 108863 967337 544512 631891 868870 645042 732310 515447 176955 758860 658988 428064 391167 625594 429293 774830 212754 999493 642082 955378 309760 736796 244244 580768 234219 733620 487487 667715 916432 741425 254606 421482 319673 
405533 163385 956128 679038 812820 838232 599993 848057 230659 189987 157289 204069 411013 951848 958383 145362 106412 936359 256174 472423 349921 710605 555547 864660 104931 787339 878290 715860 886763 113971 789668 907579 540944 187055 302188 134178 954342 313502 605343 914284 383138 276331 845313 564563 411736 204203 716020 283188 168389 489427 387307 986388 215977 907284 998588 922510 550668 213300 193364 539418 599009 125258 423493 896603 
543687 903478 886906 790436 962988 619450 380524 319624 138925 388345 844621 676958 985945 710795 286561 418349 891380 920346 791276 359322 125718 688348 888646 195339 627379 384109 636523 949174 893878 887144 421488 139755 862598 118306 382128 805978 246891 111331 572388 298115 747465 200385 631985 622649 234219 591547 906522 207857 659355 702671 781494 635245 457998 481017 229693 549919 604253 194825 351805 333340 372941 904064 566985 699455 
215856 773510 421520 414007 123973 254762 483339 225039 695770 746455 257296 739767 440050 568368 314372 936308 601249 207048 129422 724961 961876 470240 785094 594271 926093 134110 915980 941089 576172 602310 295732 918829 837002 485560 865119 822479 922815 839365 221190 518048 742723 476431 554768 652078 535281 349885 233314 985641 137032 248728 113046 566794 848171 657028 125764 942303 574536 654782 987900 804823 948566 778927 790934 918151 
521943 132394 372865 664087 485885 806248 277304 475308 657129 801885 433171 414738 815950 321782 948633 122981 308276 438450 879858 712284 985113 912250 510235 155571 414610 939486 134835 579156 626191 590638 733074 384065 696764 994546 588698 691169 627651 358214 478629 614501 826479 556981 357374 242005 505068 464432 579915 613787 953258 874731 924008 854764 223553 355125 342223 471278 537646 301395 695859 723947 887259 879351 711757 249361 
450044 559522 413517 286306 658582 416531 804498 450751 718522 534506 527156 615340 743791 725182 786206 283904 182894 353976 623226 501132 838854 996362 647525 774693 391424 314607 754945 147440 942750 235807 790441 516457 557052 363983 208831 334191 684152 325828 322593 838927 684621 369682 181915 281004 764123 187125 109430 176104 468515 956587 459117 637458 587886 618572 575584 488620 608557 244999 367457 178999 755579 481562 767788 422397 
648319 401069 736436 462011 969742 105548 228056 456745 177549 497215 749813 553192 975540 790632 636277 304583 348718 234553 680869 484945 349980 490511 154980 292822 569273 661711 214583 289364 799320 158299 373657 860131 571978 730928 496080 737338 176765 718719 565275 452257 147550 558023 410247 410452 196670 433132 518497 753008 576978 722198 968678 104445 246516 351304 906294 595096 111495 349082 409286 649308 180056 449942 214549 830605 
384129 205452 168342 852768 819399 767154 885516 281194 869187 346492 246037 199524 721021 709076 440573 205112 910355 684885 222355 352970 899194 610250 292536 161222 679100 499230 981140 976066 614143 681279 351810 212783 263783 198101 684428 502658 239729 140441 740081 326937 744576 389171 594467 528684 307637 909908 864045 467890 435191 307244 535185 190637 263154 104041 477904 616691 948283 405070 963619 232633 752754 514795 278342 917310 
541376 278750 488596 512018 419840 322182 341998 692098 855642 647648 657236 454048 524042 511393 702870 745587 317535 401102 242020 841496 831488 233082 271266 474612 159401 748445 458391 694711 444083 305774 462661 356206 102801 713757 241971 490214 716086 284623 310405 221784 676404 820151 805485 169845 465056 290126 191771 920751 294354 436590 968976 419265 252968 553329 665392 415260 992329 292481 736662 227120 260583 557499 226049 898099 
454174 909157 335340 355057 724665 907816 452668 969552 434291 316396 776434 479070 189307 812943 769280 655257 583793 227554 324664 974235 150094 536544 657152 728288 200128 818092 599266 273142 896562 518374 368832 588544 313066 577193 945221 579814 573131 885284 747414 107613 345947 898451 187111 615279 331615 833497 886474 361926 340003 772828 309378 437786 799414 280413 530741 504692 700689 128243 526656 902398 698104 211843 560549 504938 
862361 382462 697024 596156 626866 756119 843287 779732 703951 245791 884975 610172 884017 365503 614043 381642 459722 400882 382160 189970 866884 772604 925652 293324 375745 432842 785748 310013 347005 540935 452213 262053 777744 644089 257026 169060 652304 538038 647940 183913 888980 200838 899280 965145 883475 397750 709657 482008 715178 304918 845831 371863 419964 822928 912960 521627 464340 468677 943010 170534 256902 441958 765042 566628 
703347 815628 994959 309427 613355 190644 961664 114128 447341 224219 798508 966746 322954 212817 563528 575973 191592 797693 475434 773822 141922 645677 541885 931862 145420 928920 534413 143149 810837 798355 399394 808124 117381 222892 244586 627838 924582 692230 470447 697244 412191 361329 979368 207988 898106 638757 775338 861989 632743 489499 593567 582970 159354 497480 511023 616144 480304 533335 827163 449894 961967 485474 823945 245696 
360395 312205 283961 391416 737572 914079 716373 221697 871885 971453 980103 218969 228264 698821 172901 651435 721964 836804 876552 608478 639209 545204 742555 197790 278850 720630 769102 386917 786392 808200 101417 300517 722696 872931 664606 605493 916779 779379 960151 681493 183900 917235 525359 534175 882230 696037 329469 154060 825915 846764 372906 515136 597137 142214 999363 864308 592806 416105 246251 261566 786549 771384 892680 209727 
778049 805025 158493 463785 715838 430327 371928 240874 984943 763880 377122 874745 907305 997722 441012 994076 955543 752390 467113 649172 108055 532785 970542 126565 798274 572387 331797 875110 415912 973958 981033 336673 423705 375325 472188 808904 776065 949022 412348 518101 579339 544366 584517 279995 501478 683767 749328 306286 169701 510888 726760 378028 497215 664873 683453 733383 939927 983578 755794 800464 764951 155975 725808 391841 
535893 337098 678782 726790 809080 688445 978376 371657 241843 212378 108860 721209 968719 998641 112532 328279 267016 554405 840269 333085 398894 449283 216886 426763 395179 174368 917252 456495 188516 516494 236162 810064 180697 905627 282406 335128 252550 420743 570175 320027 196844 814079 943786 715624 917450 567163 783012 270763 936772 733136 941754 935516 177350 476242 975356 336200 120226 560682 251536 608153 729077 849808 539586 273029 
740391 695174 618777 871088 559121 264784 373701 767679 346585 813011 528885 120794 543993 877513 969253 753149 894270 192606 408244 910620 268236 827435 780851 346320 881439 421772 340153 714114 177612 941824 288852 135218 295174 262909 970075 674948 223868 261837 497054 797320 426719 668425 692991 265637 208258 513552 172409 249986 478970 592356 674846 730577 180389 280033 907488 921847 548519 689115 557605 867548 999535 128179 880029 766220 
487640 465173 634095 173031 130475 348753 289839 899179 741698 683092 705453 276316 710759 888963 804871 817102 902523 693396 995230 582159 669011 257128 402789 822259 829597 283241 127926 968060 649216 665340 307040 276358 775361 418818 773147 203693 735938 797521 799931 217500 778437 135370 891650 104211 645518 710583 334512 365076 375942 105315 398038 730154 352892 882741 949993 688214 113382 385610 185585 201207 529413 198031 512833 124085 
498918 425816 600865 446411 721157 315840 345958 203247 450764 919101 340132 668862 205242 896383 892698 345129 470302 682021 604971 236566 882882 588891 816973 570517 818661 670996 713370 969312 775777 970465 777092 379661 456267 170251 883366 592019 267480 181362 159893 147543 122140 329410 339413 384754 576846 922639 344456 778560 272936 311726 199521 293768 692779 239823 748087 296259 840159 476794 499093 258795 918967 535781 498670 197633 
341619 811279 292781 548763 295359 155196 696299 355912 475513 892814 357338 650241 140208 540220 969566 587918 128104 492049 537243 346130 399577 991940 408042 328437 696087 283792 152933 778924 269965 591055 216450 796550 839715 297528 393372 856789 614494 512721 329932 719608 408614 908627 817399 142337 175491 371001 589473 467943 122209 544644 939391 960202 951538 391023 783146 209919 108530 599273 796431 871671 519462 428756 973988 251248 
704734 363001 445429 589399 336089 500838 648924 145976 614760 151046 615727 669861 655467 358939 425235 341887 786199 465882 813615 697827 825625 583138 189307 953716 699988 586171 810231 636385 840326 895528 938936 755890 756232 675240 443645 779093 545653 881710 907392 700383 752610 933467 702344 116097 397355 597493 195643 424905 844399 588134 707088 239697 790993 382964 717282 517609 173696 625368 267937 449468 373328 836605 851779 415937 
263495 917815 273272 244833 154260 768350 204443 739871 668729 200773 204964 141705 863177 848187 715546 556474 864172 271454 386694 511849 605504 774038 268322 990481 562938 793237 916145 629694 332298 343785 409224 545457 163260 888604 362378 396944 644955 513993 857201 396749 692752 698330 731528 558897 190696 300930 954486 105285 164595 291380 351636 193405 976393 211711 845312 763010 158471 655974 404106 762042 474295 925504 295147 360661 
696686 934281 543094 308631 564910 693315 516583 764605 250764 819885 431639 449518 689228 358173 524466 161407 462440 259037 373119 914691 237616 427200 132414 210062 592363 191744 561457 605540 274747 613173 231729 376898 248863 735187 870593 848776 776242 837441 358847 552482 469520 183121 840503 919794 727673 795425 877074 733628 746350 700877 566443 200110 958648 736239 899394 875689 132649 102581 925578 806800 433018 955036 125309 736460 
140275 206286 651055 881369 938121 393494 156383 945265 598881 649532 992458 302771 609427 327361 584474 883120 899018 588952 139228 934098 888199 212351 723376 902536 899813 848441 164185 948498 815640 280874 665139 223494 888111 401326 829252 140669 865784 421590 571435 293854 957794 424768 339029 877284 604926 219474 527855 580526 418623 598130 408534 910211 109248 964709 224586 311007 179621 923842 934977 668959 780921 403282 653335 675141 
715734 631207 985123 995016 300708 400022 930949 464380 912952 746706 951036 750969 601886 187079 700564 581131 237329 579247 890332 663029 398183 400756 264822 659330 304938 323939 371335 816682 608513 908041 402190 379773 704973 754733 988082 331663 543215 184233 122483 233568 303015 628838 923331 796294 933303 437972 136942 925338 120806 875555 976116 821564 660672 207873 559895 487972 352154 365776 205071 412454 392116 811874 313627 573345 
958200 814388 294899 862948 645310 108580 505817 908541 291730 885713 101965 497792 721261 355278 908671 471696 901279 324290 332799 561837 289871 866975 293169 906586 357529 639228 233469 993577 455382 345777 858722 588262 137818 611791 272619 391869 865942 256346 147513 311017 781085 399237 175615 354201 914852 874888 826701 957121 136899 865055 787876 526235 799480 807170 437417 936376 429898 289212 205141 298375 529067 352907 921128 533055 
184727 562772 963165 311565 622969 488896 149177 534997 809965 767030 407677 873575 762144 532022 759739 138720 242995 167920 888806 415002 413727 223167 396002 127697 683314 131365 350170 867410 869623 346627 762576 975522 475828 106581 558511 331496 234605 646857 737020 552504 474470 973402 918155 923293 190725 706157 113038 346466 464118 537511 298600 208030 348552 848201 705216 896602 649685 517225 847313 135935 589983 483118 779326 822081 
382517 847560 599299 737538 212277 108553 661478 792804 350091 462500 769740 542223 624184 684128 519977 550171 899726 814809 298351 558779 115127 760788 601223 240390 180533 661821 417246 508451 528005 394143 233526 237072 499037 198111 467678 547951 659316 933045 219772 669678 739329 628423 589222 387665 990811 770660 393936 571902 123487 158714 856767 100261 934704 677813 119228 721162 123097 773589 571109 673553 479950 301674 377405 670852 
886289 239663 303588 566788 419184 500672 261473 882185 284683 347769 307547 829976 666355 700716 162151 178112 670702 376255 210428 461521 772023 446848 888066 593786 340259 163045 132265 370077 406206 856196 164950 697009 956564 283052 749848 365875 515051 967135 631481 379819 225325 207116 304400 549270 308996 217517 390675 249909 437566 396090 743753 808753 347345 577639 573373 501865 455767 937441 582543 458939 732858 378881 876549 658379 
455499 397834 635167 268018 537035 115077 143176 717509 484557 207542 371432 159681 564851 101434 942263 820464 613972 425247 343211 411387 536224 838241 352658 536365 686682 955933 216283 811679 890916 540019 778287 903941 515769 926557 904189 524180 869843 839334 425459 260558 584588 365961 741641 855820 361922 928071 476311 752198 930036 949156 955014 107650 346025 206655 284228 362231 125008 805324 396849 222941 989761 274032 347031 169108 
428131 578649 918166 888109 922791 942263 667261 510232 910353 591610 412245 719499 609174 350185 330775 915691 783329 216796 566110 703898 680176 103479 528151 822142 486428 203620 326613 523306 557174 369100 795585 963243 115020 449521 269966 606961 229162 830027 799466 562936 115102 926653 193457 114066 702292 270419 395196 761202 614432 865371 484887 775320 328218 314653 444720 842836 924578 889559 633866 597817 664517 187706 145393 135167 
707033 215515 567816 840180 947938 622743 743487 508289 493271 894630 370881 322645 183614 439770 516649 339088 916020 650228 585428 336878 296425 895203 824817 653166 697960 489019 622261 172157 920404 414638 619436 909412 671021 903113 320810 608843 738642 745454 646303 475240 244193 614921 226504 724936 639578 879569 447746 212825 968257 728765 245818 379154 845986 761216 334272 786495 165903 820226 904474 390060 813029 970493 711605 869645 
904589 837777 154774 446217 267486 431076 865806 286273 170367 272218 838732 101568 172458 796492 827564 206464 627853 833224 268237 509014 886218 713733 490113 111164 657309 792193 116637 470938 273822 181562 730992 512848 922460 679621 982737 271233 939466 393486 891664 725055 699286 221196 593839 140528 709620 104736 151786 942810 294361 966666 278641 953296 246403 136424 665270 779897 199254 687244 931457 660633 906113 186297 453474 916062 
703583 758842 156702 985193 727162 608799 234730 577591 823466 827957 989046 658572 750586 539328 394016 532379 393675 600407 437161 971091 766195 805053 159781 590921 718365 809719 335756 947934 198644 496271 495373 875790 997402 445156 186594 689493 443730 864908 784671 121405 131326 330311 918084 939176 720802 313089 452786 771318 273351 647459 615514 792564 699228 205303 200433 766145 154903 782294 508576 821374 907865 493711 334679 407122 
960048 135223 913474 926583 976118 206632 734259 639172 621686 220376 411903 969112 795919 777302 511365 390112 466065 970146 766888 950021 933412 731594 657854 324693 529479 324829 678178 924492 825078 234478 599620 533758 131461 208679 693312 509252 998954 614535 959307 229441 327351 274938 229161 607920 700068 429811 376092 825708 681259 496424 562839 321051 860909 588586 857457 242680 357074 282720 181493 371516 141294 518431 686550 856008 
275135 614728 855168 503953 697714 977470 412426 690856 453125 877314 603751 623301 389127 592237 543867 279024 181276 321321 139019 376491 246557 362988 173229 822815 815580 534003 565983 859618 435300 469015 183571 924130 842431 147470 604520 757169 405266 300672 770548 238060 575747 972516 489277 926697 844443 716375 597223 714109 583782 249785 107911 395176 227734 612516 935510 666590 574216 718921 265026 539698 790270 743753 103326 289665 
452363 119084 748154 272056 831342 291234 367341 807458 974614 426484 962446 821970 749667 545254 914083 191754 519757 208299 231344 914342 265502 788677 552433 807240 963898 675288 246531 752929 917215 904905 721532 896696 724871 501624 564219 179066 738090 393591 644794 211006 204289 320518 688832 158035 394405 568781 617683 991913 630358 330613 625418 679513 841656 498723 178049 378002 372887 116434 665894 725825 590635 955628 793872 616508 
